1
0 0
+
28
9 294
146 293
13 290
58 288
9 210
51 208
18 192
63 189
149 187
110 178
142 173
66 169
78 166
133 163
12 159
136 158
131 157
9 154
42 132
124 125
102 111
27 99
145 90
55 65
62 32
147 23
130 16
67 13
+
28
60 295
10 282
107 273
132 255
10 249
39 248
116 244
111 237
32 215
11 214
46 212
76 204
43 194
61 185
99 184
38 182
7 158
25 157
144 151
124 144
1 123
46 111
84 96
122 81
82 64
23 56
107 31
44 24
-
113
132 300
134 299
84 297
100 295
61 291
76 287
23 285
114 284
14 283
103 281
129 274
144 272
106 270
33 269
22 268
13 266
118 265
124 256
59 254
51 247
38 246
76 245
84 243
54 236
125 234
116 232
85 230
145 225
86 219
53 215
6 213
61 212
97 211
54 210
107 206
126 199
134 197
47 195
27 189
33 186
107 185
50 181
63 178
55 174
96 173
23 172
43 167
143 163
36 159
140 156
99 155
16 154
77 153
120 152
32 150
2 149
11 145
32 142
133 140
125 135
147 134
92 132
10 131
28 129
95 126
73 119
100 118
20 114
60 113
19 109
51 108
133 107
54 106
10 96
16 94
99 93
49 89
150 87
83 86
148 85
60 81
116 80
10 76
38 72
79 71
94 69
36 68
145 67
50 62
123 60
100 59
89 58
85 54
141 48
87 45
94 44
57 37
132 36
77 35
126 33
45 31
38 28
77 26
123 25
25 24
39 17
5 14
128 12
15 11
128 7
66 6
36 3
119 0
-
61
91 299
24 297
25 292
26 290
106 287
49 281
99 279
36 278
144 276
100 275
147 272
72 268
49 252
140 250
67 245
28 238
70 232
59 223
96 216
59 212
98 210
99 209
117 202
77 201
35 199
89 197
83 180
148 168
65 160
140 156
107 155
29 153
92 152
110 151
80 141
69 130
128 129
51 122
139 101
9 99
31 96
145 87
36 84
103 83
45 80
103 70
49 68
78 66
113 65
8 61
18 60
40 48
71 47
133 43
131 34
39 20
25 13
148 7
102 5
82 4
22 2
*
11
3 26
4 23
2 19
3 18
4 15
4 13
2 10
3 9
2 6
2 1
3 0
*
4
3 22
1 6
2 2
1 1
*
10
1 26
2 24
1 19
1 18
4 15
3 14
4 10
4 4
3 2
2 1
-
73
87 299
80 291
67 288
125 287
148 281
58 280
86 279
9 277
128 276
109 274
28 273
90 267
9 265
65 262
116 259
15 258
27 250
52 247
92 240
127 238
79 234
146 230
87 226
67 215
5 211
25 208
144 198
63 195
128 193
80 190
3 188
136 185
53 181
47 180
42 179
41 176
149 171
31 162
120 155
123 152
12 149
14 145
71 140
2 137
71 132
52 129
108 126
142 112
35 111
81 110
140 101
127 97
50 94
46 82
111 71
59 66
69 65
86 61
92 59
32 58
34 56
116 52
23 46
61 44
35 40
42 36
32 34
38 28
96 26
2 22
19 15
144 7
64 6
*
16
3 30
2 29
2 25
2 21
3 20
4 16
3 13
4 12
3 11
4 10
2 9
1 8
2 7
1 6
1 4
4 2
*
9
4 28
4 26
4 25
4 12
3 9
2 8
3 7
4 3
4 2
-
24
92 280
85 228
64 219
106 217
140 204
113 202
29 201
126 172
104 170
12 165
147 147
19 143
145 142
3 136
134 133
139 130
107 118
89 110
80 85
135 52
49 34
52 16
109 7
42 6
-
111
103 294
41 292
116 290
137 289
120 285
58 284
83 280
126 276
66 275
26 274
82 273
120 271
139 267
92 265
76 264
56 258
69 256
126 254
93 251
126 248
30 246
104 242
145 239
6 232
110 231
139 224
45 222
138 220
96 217
54 212
141 211
85 210
52 207
133 206
99 203
123 199
144 196
22 191
94 190
80 187
143 182
95 181
3 178
9 177
73 176
27 172
144 170
1 165
147 164
5 162
90 159
21 158
9 156
41 155
63 153
94 152
52 151
136 148
75 144
13 143
144 141
79 140
52 138
105 136
135 135
13 134
121 133
112 131
127 127
150 126
43 124
49 123
130 121
113 118
20 117
140 115
25 113
51 108
87 106
140 103
54 96
134 93
7 91
112 87
74 85
65 84
56 83
39 81
77 78
30 77
132 74
126 68
124 58
116 55
15 53
73 52
47 50
105 48
69 46
124 43
47 41
84 36
86 35
65 33
92 25
61 15
62 11
99 8
44 5
105 1
80 0
*
9
4 26
4 16
3 15
2 11
3 10
1 5
2 4
1 2
2 0
*
20
3 29
3 28
1 27
4 26
4 25
4 24
4 23
4 22
4 19
1 15
4 14
4 13
4 11
4 10
2 8
2 7
4 6
4 4
1 3
1 0
*
19
2 30
1 27
1 26
1 25
1 23
2 22
2 20
4 17
2 15
4 14
3 13
1 11
2 10
2 9
2 8
3 6
4 4
1 2
3 1
*
4
1 29
4 24
2 12
2 4
+
140
78 300
17 298
137 297
132 296
7 292
121 289
132 288
32 287
28 284
49 280
121 279
63 276
146 275
55 273
39 272
25 271
84 267
79 265
34 262
117 258
5 256
128 255
79 254
87 253
51 252
82 250
16 249
92 243
56 240
30 239
136 238
27 237
111 236
130 234
150 233
119 232
3 228
110 227
26 223
97 219
110 218
106 217
26 215
23 214
49 212
85 211
99 208
139 202
11 200
83 194
23 192
80 190
58 188
31 187
5 184
56 181
137 180
32 178
110 177
100 176
27 174
31 165
81 160
13 159
141 157
108 156
113 154
49 152
143 150
31 148
72 146
141 145
8 144
6 143
12 142
111 140
93 139
24 138
49 135
115 134
47 133
19 128
39 125
21 120
144 119
29 118
2 116
27 115
134 114
10 112
141 111
119 110
95 108
46 105
36 102
138 99
33 96
64 92
150 91
105 89
31 87
118 86
100 84
114 82
42 81
59 79
101 77
122 75
9 74
124 71
27 70
129 66
44 64
41 63
66 62
57 60
64 53
53 49
30 47
104 45
55 44
29 41
88 40
41 33
18 32
53 29
149 28
54 26
51 23
119 22
51 21
141 20
120 18
7 17
65 14
150 13
14 12
60 6
53 4
9 1
*
12
1 23
4 22
3 21
2 19
3 17
1 16
2 12
1 11
2 4
4 3
3 2
2 0
+
136
130 293
110 292
88 290
39 289
105 287
123 286
75 285
144 282
90 281
36 280
138 277
109 274
92 273
85 271
62 268
143 267
58 266
124 264
104 260
138 258
92 254
83 252
89 251
75 249
92 247
136 246
115 243
86 242
53 239
50 235
18 231
7 230
112 229
70 228
79 227
40 226
85 223
21 220
126 219
6 214
1 213
35 211
69 208
11 206
127 204
31 200
143 195
90 192
12 186
64 182
138 181
108 180
141 169
57 168
34 165
59 164
145 161
53 160
4 154
138 151
37 148
87 145
3 143
19 138
32 133
150 132
38 131
91 130
28 126
66 122
32 120
33 116
133 114
5 113
119 110
136 109
52 108
140 105
66 102
66 101
104 94
58 93
111 92
33 91
150 89
24 88
60 86
51 82
110 81
106 76
147 75
133 71
61 69
106 67
7 66
83 65
55 64
129 62
123 60
99 59
13 58
62 56
66 55
23 50
6 49
107 48
133 44
124 43
18 42
60 41
96 39
52 37
21 36
18 35
87 33
55 32
144 31
61 30
37 28
34 26
125 24
71 23
68 21
87 20
61 19
133 18
100 17
149 16
123 14
91 12
58 11
21 7
134 6
43 4
97 3
45 1
+
81
31 297
123 292
141 291
127 289
143 282
146 281
101 280
138 278
64 276
25 272
88 269
135 263
149 261
106 258
89 255
14 249
34 247
125 235
12 227
8 226
33 225
80 223
147 212
68 209
14 208
110 195
37 193
17 189
44 186
98 178
67 177
107 176
141 173
86 172
104 171
51 166
124 164
106 163
43 162
107 161
112 159
13 154
28 152
61 149
31 142
109 140
57 136
107 134
77 132
20 130
17 126
149 123
51 118
82 115
13 113
16 112
50 108
86 106
15 105
54 97
75 88
6 81
32 75
47 72
45 66
141 64
129 55
102 49
76 48
133 36
84 33
131 30
22 25
29 22
63 18
140 16
143 13
71 9
95 6
101 5
15 2
+
80
39 298
57 296
52 292
123 290
37 289
125 288
70 287
103 286
130 285
120 284
87 283
122 282
100 280
142 276
65 275
3 271
136 269
112 268
33 263
87 260
5 257
46 254
26 252
25 242
57 241
75 240
82 238
115 236
100 234
56 233
87 228
66 227
68 222
82 215
15 211
52 207
70 204
54 195
125 192
10 190
5 188
5 187
45 171
27 164
95 159
55 152
61 150
147 147
69 146
60 132
100 130
65 118
118 114
25 113
39 111
118 106
72 104
91 100
146 93
19 89
112 87
18 86
91 85
20 81
99 75
66 72
56 67
116 60
132 56
1 54
50 51
74 44
107 28
46 26
65 22
127 20
30 19
137 16
37 5
105 1
+
135
1 300
13 299
16 298
123 297
79 296
42 294
106 292
99 291
48 290
98 289
2 286
15 282
8 280
44 276
69 272
37 270
62 269
7 268
108 267
103 266
33 264
14 262
142 259
25 258
145 256
94 255
32 254
38 252
56 251
117 250
27 249
24 246
84 244
102 243
69 238
82 237
101 235
27 232
102 227
43 225
55 223
43 221
118 217
32 216
73 214
32 204
12 202
144 201
138 200
79 196
57 194
3 193
16 192
24 189
113 185
108 184
54 179
127 176
96 174
30 173
6 169
29 168
125 167
1 163
70 162
98 160
125 158
45 156
78 155
29 146
110 136
100 133
100 126
102 125
105 123
131 120
135 119
101 118
107 113
15 112
78 109
7 108
29 107
34 105
116 104
128 103
72 102
12 101
97 100
59 97
37 96
52 95
72 91
136 89
72 87
78 83
65 81
136 79
129 78
106 77
142 76
45 75
39 69
106 64
150 61
81 60
7 57
9 55
76 54
55 53
90 50
75 49
120 48
3 46
30 45
97 43
26 42
4 40
54 37
2 35
130 30
59 28
138 27
72 26
49 25
73 24
65 23
11 20
11 17
83 14
37 12
118 9
90 8
107 4
144 2
+
14
74 270
85 248
28 220
22 209
97 199
12 169
34 166
23 165
67 161
24 159
150 150
14 126
60 66
47 14
+
23
94 299
136 288
105 282
143 271
37 268
99 240
122 239
71 238
94 229
43 223
71 186
67 178
112 173
83 171
149 159
84 153
56 127
111 116
114 103
121 49
75 44
136 9
148 5
-
98
10 299
15 293
112 292
69 291
113 290
53 283
21 281
121 278
1 277
89 275
128 268
18 266
130 260
64 255
34 244
66 242
82 240
141 239
115 237
10 233
39 231
45 228
53 217
66 215
68 205
19 204
38 197
9 194
113 193
26 188
133 186
47 185
78 171
29 169
72 168
123 166
147 163
1 162
25 160
114 152
43 149
43 147
30 145
140 136
10 134
84 131
109 130
17 129
135 125
25 123
130 122
139 121
3 120
86 118
50 115
44 113
91 112
132 111
25 110
99 108
11 107
126 106
109 103
142 101
60 97
109 96
34 95
93 94
38 93
126 88
110 86
128 83
86 81
56 79
98 78
32 77
131 72
43 67
35 65
95 64
74 63
148 62
87 60
102 54
98 47
74 44
15 39
52 32
91 30
144 29
15 25
1 24
106 23
143 22
38 17
26 14
58 4
8 3
-
129
4 300
148 299
76 298
38 292
72 290
35 289
101 288
10 284
23 282
145 280
110 279
85 278
122 275
20 274
143 273
48 270
92 266
77 265
93 262
11 260
62 259
145 254
133 253
123 250
146 249
81 245
48 241
63 234
130 233
112 228
74 224
26 223
87 221
97 220
125 219
8 218
8 217
31 216
17 213
44 211
33 209
14 207
74 205
62 201
45 198
123 192
55 191
38 185
24 184
38 182
92 181
44 179
6 175
110 173
64 166
17 164
79 162
71 157
67 156
36 155
81 153
4 152
90 151
48 150
95 149
145 147
51 141
57 140
146 139
111 138
66 137
130 135
124 134
52 131
106 130
3 129
65 125
118 120
127 119
7 115
32 113
24 111
8 106
15 100
104 99
116 96
9 94
33 93
39 87
41 86
68 84
109 80
88 78
88 73
9 70
53 67
144 63
117 60
58 59
65 57
145 56
94 55
89 51
94 50
112 49
37 46
66 44
126 41
89 40
145 39
142 38
46 37
21 36
67 33
21 31
73 30
109 29
146 27
116 26
113 25
138 24
39 17
35 15
65 13
54 12
110 11
132 7
93 6
130 1
+
101
104 300
136 297
10 296
81 293
50 289
116 285
112 280
83 276
1 273
131 271
146 269
137 268
51 267
143 259
89 258
24 256
23 253
139 252
125 250
86 247
15 244
48 239
133 232
30 230
91 229
73 228
23 227
88 225
14 223
43 222
90 221
115 219
144 217
133 216
6 213
141 211
116 210
14 209
19 206
6 203
40 202
88 199
122 195
28 187
86 184
39 181
50 178
57 177
38 175
107 171
12 169
34 164
32 161
16 158
85 155
122 148
117 142
108 139
119 134
33 133
72 129
140 126
106 125
119 118
54 114
47 112
95 110
51 109
123 108
138 107
37 106
101 102
133 101
109 93
35 91
144 85
34 82
108 80
50 78
133 75
108 64
1 61
121 58
77 55
69 54
44 51
29 47
80 39
89 37
114 33
14 31
108 28
42 25
111 24
5 22
137 21
109 17
30 16
89 14
100 11
47 3
-
123
139 300
4 298
55 295
97 293
64 292
32 290
83 288
69 287
138 285
17 277
11 275
93 271
81 270
106 267
1 265
52 263
26 261
34 260
139 256
121 255
8 249
36 247
124 244
97 241
15 239
38 238
137 237
112 232
76 230
34 229
71 228
122 226
147 220
70 219
112 217
133 215
25 214
101 213
9 211
44 208
85 202
134 197
124 195
123 191
60 188
110 185
137 184
86 179
23 173
16 170
85 166
69 164
91 163
128 160
38 159
75 158
138 156
120 155
115 154
102 153
60 151
31 146
28 144
4 142
90 139
6 136
51 133
45 129
32 128
149 126
70 125
42 124
116 121
139 120
33 117
109 115
47 108
65 107
65 106
137 104
136 102
70 100
131 97
25 96
2 94
88 93
63 92
14 91
96 85
16 83
105 79
39 73
99 70
57 65
139 64
46 62
133 61
59 55
120 53
92 45
120 43
21 41
95 38
62 36
120 35
46 31
39 30
35 27
93 25
117 23
110 22
141 21
111 20
121 19
42 17
38 16
34 15
148 13
91 11
20 8
116 5
103 4
71 3
-
36
28 297
24 294
116 290
2 286
53 283
98 279
94 278
75 269
70 266
72 263
31 254
89 252
73 237
82 225
13 216
44 207
57 204
139 203
77 193
140 180
100 165
115 156
105 149
109 140
148 139
15 136
43 134
7 130
9 106
150 92
123 51
55 30
122 22
43 21
11 13
51 9
+
131
148 298
40 297
148 293
73 291
7 288
112 286
7 283
139 280
47 276
148 275
17 270
23 269
88 268
75 267
75 265
109 264
44 263
82 262
73 256
144 253
31 252
70 251
97 246
52 245
119 243
6 242
108 241
117 238
64 237
127 234
82 232
103 231
135 229
11 228
45 225
130 224
87 219
50 216
50 215
88 214
147 210
79 209
7 206
66 204
141 201
65 199
149 198
138 196
130 194
19 193
127 192
86 191
55 189
43 185
139 181
88 180
92 171
28 168
83 167
21 161
117 158
39 157
95 154
90 153
46 151
105 150
118 147
135 146
147 145
107 142
111 141
138 140
82 138
58 137
150 136
34 135
48 133
114 123
140 121
83 120
138 119
24 112
131 111
120 110
57 108
32 104
117 100
121 99
49 98
72 94
140 92
4 90
74 87
72 86
69 80
140 79
87 77
96 76
143 74
66 72
90 68
63 66
132 57
78 54
147 53
124 52
78 47
43 46
18 43
33 40
46 39
72 38
129 36
38 35
2 34
34 33
14 30
106 28
89 24
140 22
34 21
77 20
141 19
136 16
35 9
48 8
16 6
66 4
147 3
69 2
59 1
