569
-342144 569
-2522016 568
-7980768 567
-18647712 566
-41206320 565
-78148800 564
-138683952 563
-244355760 562
-394281072 561
-628610688 560
-968203440 559
-1412526000 558
-2074606728 557
1385375656 556
294114472 555
-1179780884 554
1324206080 553
-1096622428 552
216341412 551
744713644 550
100206500 549
-1592494980 548
-708463936 547
-1502988020 546
-211606328 545
-1869846116 544
-1903273840 543
-1551117768 542
-1214970940 541
-1697448568 540
251552580 539
-56245806 538
-516193550 537
-1870661890 536
-1654462037 535
-1522157504 534
1617894471 533
-590668554 532
-680390817 531
-1219556239 530
-1053304631 529
683398405 528
-1566706993 527
-870692774 526
1798531826 525
801179521 524
-1114738833 523
485904810 522
-1862226850 521
-2053408991 520
1082700446 519
-1997618560 518
-1504153161 517
-18132445 516
1641587407 515
469630737 514
1637944815 513
-1468708621 512
-1486741177 511
-1091320833 510
-678171087 509
-1112586555 508
-830467244 507
1321982020 506
1094957478 505
1504912383 504
-1634360773 503
-161700455 502
-1201966703 501
-98786650 500
2134396041 499
1315058297 498
1745393589 497
-1658108300 496
506346363 495
1655624302 494
1803888816 493
-1485841961 492
2091538146 491
-222422692 490
-560853965 489
2078425109 488
136137952 487
-1903330777 486
1967909393 485
924930941 484
-1780053569 483
-2083839100 482
1967595158 481
-675970136 480
-1687891019 479
515839718 478
1339728097 477
-157899770 476
-2098280455 475
189785183 474
-1511990351 473
230573066 472
-32780707 471
-1006352069 470
235039968 469
-753743067 468
1557237854 467
1324879625 466
-1417596261 465
-686006760 464
-1668433975 463
-1664452536 462
-1372494060 461
1873099921 460
-536362509 459
1509423685 458
-1107447588 457
-569376984 456
-924547243 455
-641262831 454
-1558443738 453
-1140486824 452
1940690873 451
1022899937 450
1890017174 449
-495021859 448
799506973 447
562102912 446
-1608152345 445
-2000946173 444
130727780 443
-1246915540 442
587735940 441
-85929899 440
-127332921 439
-527473145 438
1975900074 437
1893319744 436
-132217512 435
829708145 434
558490914 433
-450731999 432
-829974758 431
-1211924569 430
112491815 429
1543323575 428
658613459 427
-1788184338 426
1335357053 425
1746559127 424
1583712089 423
-380417684 422
-1893135543 421
798421688 420
-673190359 419
-1549436618 418
1688180162 417
-650874287 416
922874201 415
1067470911 414
-1541900360 413
-636320274 412
1489158851 411
-1888376718 410
1594618369 409
-683403914 408
-2132894838 407
501714513 406
-1102396776 405
-1411867221 404
1972526757 403
-1069903401 402
-917648166 401
-1334634312 400
-1991345224 399
-772624836 398
718199193 397
-127961213 396
368202395 395
366344339 394
451695909 393
-1554429778 392
503508308 391
-1562890159 390
1515438562 389
-1011604837 388
-1715390238 387
861208052 386
-834783819 385
277688133 384
-290433976 383
93652439 382
-243773620 381
-1812191163 380
878762704 379
2056362432 378
1950795017 377
235258024 376
1072271035 375
-143971135 374
1648226949 373
-1823661438 372
1526420366 371
1194636738 370
-1211120849 369
1645882549 368
-2116389816 367
84760397 366
1287413023 365
2112468673 364
1013688816 363
160419925 362
513548238 361
1958643723 360
963655028 359
1259306384 358
246768560 357
2021143476 356
488674654 355
1775263190 354
147001580 353
-1423706153 352
-1175622160 351
-302947377 350
1245894873 349
-1258946933 348
-681689694 347
-663450094 346
77642315 345
-594168879 344
1704172127 343
-1023029979 342
401137749 341
341175896 340
198660843 339
-1416192355 338
-656133998 337
-1454814912 336
-1266840003 335
-1369440574 334
1072470475 333
-1370016780 332
358163315 331
1805100731 330
1622822234 329
-207866577 328
2101618088 327
-1048876749 326
-630294239 325
-2039410814 324
1638805924 323
-1502421918 322
-1669479845 321
-1537496066 320
1317819818 319
556655995 318
-364329050 317
-948825140 316
-974472056 315
1661771715 314
1388067779 313
-534692847 312
385290116 311
-906055226 310
1053223006 309
1631546294 308
122261755 307
1295432512 306
-442116393 305
-799843627 304
-2051729934 303
-1169714691 302
886709094 301
756908531 300
1433017296 299
1213901947 298
-1388226660 297
648354271 296
2030419518 295
586923926 294
-1711571269 293
-1295317910 292
2116083044 291
211586645 290
-1594356055 289
-305141306 288
-1232540750 287
-171024679 286
-957833971 285
283225846 284
-393896079 283
1419473750 282
601650094 281
940016469 280
1522849127 279
1555222941 278
-722123092 277
1310942425 276
462162694 275
1310043489 274
2091348449 273
165815701 272
-343444130 271
-1120391506 270
68748034 269
543954950 268
-726434703 267
345110286 266
-244332671 265
-267385827 264
-1984423492 263
1250574551 262
56045096 261
1934411011 260
-130879446 259
566821621 258
-792553582 257
1181811163 256
-636986810 255
2144941533 254
-37470907 253
-1259309388 252
-2093731079 251
-2142034368 250
-1179383145 249
1264153214 248
-71477173 247
-418673530 246
401263723 245
-497678000 244
-368521523 243
-961113512 242
-1369532833 241
-1083628657 240
1055215152 239
-1595962883 238
2008425057 237
1440405270 236
-1896741744 235
949556817 234
-2110265664 233
67042356 232
-1235047186 231
-832999127 230
1862939376 229
31076347 228
-175699497 227
-435176155 226
1407997116 225
-1877127444 224
911433520 223
917832125 222
237186884 221
637324639 220
-144124847 219
1470475943 218
-1277814184 217
-1017674498 216
-706934969 215
197896415 214
1064190239 213
-1019263361 212
-1983614796 211
-1995921588 210
90985567 209
1141274633 208
-1909887332 207
655859 206
-1017949549 205
151363603 204
1847966238 203
573899242 202
1600242628 201
8126869 200
-636292512 199
-21235766 198
971441953 197
895701889 196
1691166507 195
-1780014594 194
-148851314 193
-754831693 192
595095551 191
1696961646 190
1155534846 189
-1527509723 188
-908585951 187
1988422662 186
1776183764 185
799695555 184
-1513056870 183
1717721467 182
1698092520 181
-383414189 180
-965657132 179
1923775251 178
279979605 177
-1350424816 176
-1411880712 175
-623752852 174
950904590 173
-2056534067 172
-679366603 171
553889215 170
-831293193 169
-79164313 168
962974782 167
-568710311 166
-787059724 165
-124306751 164
1606522305 163
-776112413 162
-2053619420 161
-507254893 160
-958344108 159
-1013916386 158
-2063346928 157
-90656184 156
-407471813 155
842355494 154
1821552507 153
-1936025960 152
-1477755241 151
838639547 150
9811700 149
159879828 148
-1314734535 147
-1887187512 146
1260025711 145
-793066334 144
1102714665 143
-102059145 142
902661858 141
725622368 140
1083161472 139
-1082477334 138
-127549309 137
-598347583 136
1774189397 135
-1456158461 134
-1778317540 133
1427981638 132
1254932403 131
-1412721772 130
-959043520 129
1697250988 128
1943513610 127
2116850089 126
391035509 125
923721383 124
-862811415 123
-188838367 122
-1204988830 121
-2021678491 120
1662856864 119
416437159 118
-1923166128 117
577711899 116
-2018400061 115
1080032270 114
-1922900852 113
-495358697 112
-900062783 111
1549574369 110
-1229957349 109
-449689345 108
384327197 107
-220845435 106
140922078 105
-1213923890 104
283076692 103
809950846 102
114284756 101
659366106 100
-859369856 99
561245185 98
1486429973 97
384382227 96
1251217785 95
1749878273 94
-1744909674 93
1885660682 92
-817390908 91
981766660 90
1175046699 89
-1432389900 88
-2036824593 87
-592814400 86
1122143402 85
1886259500 84
-641432374 83
-1316540746 82
-816775722 81
-18988763 80
-498848844 79
1868297889 78
2141154851 77
700646872 76
-528978456 75
-1733521953 74
-1930395955 73
-1876610302 72
1481275916 71
181723603 70
-959977781 69
1105129186 68
953807896 67
1896429503 66
-922557238 65
1779501581 64
-1287261372 63
1954335595 62
-1766832199 61
-1146724357 60
775503551 59
1629019710 58
255453643 57
181204469 56
-122947485 55
597539921 54
-788211251 53
477818350 52
-390180200 51
-343174453 50
-1481582053 49
-1692627546 48
360911317 47
870288345 46
506711233 45
-1430399272 44
-1037053264 43
510954152 42
1785021056 41
1037706110 40
416878847 39
2048645426 38
-1106146450 37
1036465858 36
1161379801 35
336346404 34
-530969762 33
-587361084 32
788848614 31
-123742324 30
1425197373 29
1552994524 28
557621780 27
-1320208368 26
443290021 25
1691746035 24
-1723859328 23
-1113558108 22
-701257088 21
-432410672 20
-256651638 19
-142788633 18
-77698534 17
-42060977 16
-20478548 15
-8600432 14
-3911535 13
-1628661 12
-339949 11
-38546 10
-26931 9
-14236 8
-4579 7
-2729 6
-1732 5
197 4
239 3
228 2
97 1
