2 2 2 2 2 2 2 2 2 2 2 2 2 2 2 2 2 2 2 2 2 2 
2 S 0 0 0 0 0 0 0 0 0 0 0 0 0 0 0 0 0 0 0 2 
2 1 0 0 0 0 0 0 0 0 0 0 0 0 0 0 0 0 0 0 0 2 
2 1 0 0 0 0 0 0 0 0 0 0 0 0 0 0 0 0 0 0 0 2 
2 1 0 0 0 0 0 0 0 0 0 0 0 0 0 0 0 0 0 0 0 2 
2 1 0 0 0 0 0 0 0 0 0 0 0 0 0 0 0 0 0 0 0 2 
2 1 0 0 0 0 0 0 0 0 0 0 0 0 0 0 0 0 0 0 0 2 
2 1 0 0 0 0 0 0 0 0 0 0 0 0 0 0 0 0 0 0 0 2 
2 1 0 0 0 0 0 0 0 0 0 0 0 0 0 0 0 0 0 0 0 2 
2 1 0 0 0 0 0 0 0 0 0 0 0 0 0 0 0 0 0 0 0 2 
2 1 0 0 0 0 0 0 0 0 0 0 0 0 0 0 0 0 0 0 0 2 
2 1 0 0 0 0 0 0 0 0 0 0 0 0 0 0 0 0 0 0 0 2 
2 1 0 0 0 0 0 0 0 0 0 0 0 0 0 0 0 0 0 0 0 2 
2 1 0 0 0 0 0 0 0 0 0 0 0 0 0 0 0 0 0 0 0 2 
2 1 0 0 0 0 0 0 0 0 0 0 0 0 0 0 0 0 0 0 0 2 
2 1 0 0 0 0 0 0 0 0 0 0 0 0 0 0 0 0 0 0 0 2 
2 1 0 0 0 0 0 0 0 0 0 0 0 0 0 0 0 0 0 0 0 2 
2 1 0 0 0 0 0 0 0 0 0 0 0 0 0 0 0 0 0 0 0 2 
2 1 0 0 0 0 0 0 0 0 0 0 0 0 0 0 0 0 0 0 0 2 
2 1 0 0 0 0 0 0 0 0 0 0 0 0 0 0 0 0 0 0 0 2 
2 1 0 0 0 0 0 0 0 0 0 0 0 0 0 0 0 0 0 0 0 2 
2 1 0 0 0 0 0 0 0 0 0 0 0 0 0 0 0 0 0 0 0 2 
2 1 0 0 0 0 0 0 0 0 0 0 0 0 0 0 0 0 0 0 0 2 
2 1 0 0 0 0 0 0 0 0 0 0 0 0 0 0 0 0 0 0 0 2 
2 1 0 0 0 0 0 0 0 0 0 0 0 0 0 0 0 0 0 0 0 2 
2 1 0 0 0 0 0 0 0 0 0 0 0 0 0 0 0 0 0 0 0 2 
2 1 0 0 0 0 0 0 0 0 0 0 0 0 0 0 0 0 0 0 0 2 
2 1 0 0 0 0 0 0 0 0 0 0 0 0 0 0 0 0 0 0 0 2 
2 1 0 0 0 0 0 0 0 0 0 0 0 0 0 0 0 0 0 0 0 2 
2 1 0 0 0 0 0 0 0 0 0 0 0 0 0 0 0 0 0 0 0 2 
2 1 1 1 1 1 1 1 1 1 1 1 1 1 1 1 1 1 1 1 E 2 
2 2 2 2 2 2 2 2 2 2 2 2 2 2 2 2 2 2 2 2 2 2 
Time used = 0
