2 2 2 2 2 2 2 2 2 2 2 2 2 2 2 2 2 2 2 2 2 2 
2 S 1 1 1 1 1 1 1 1 1 1 1 1 1 1 1 1 1 1 1 2 
2 0 0 0 0 0 0 0 0 0 0 0 0 0 0 0 0 0 0 0 1 2 
2 0 0 0 0 0 0 0 0 0 0 0 0 0 0 0 0 0 0 0 1 2 
2 0 0 0 0 0 0 0 0 0 0 0 0 0 0 0 0 0 0 0 1 2 
2 0 0 0 0 0 0 0 0 0 0 0 0 0 0 0 0 0 0 0 1 2 
2 0 0 0 0 0 0 0 0 0 0 0 0 0 0 0 0 0 0 0 1 2 
2 0 0 0 0 0 0 0 0 0 0 0 0 0 0 0 0 0 0 0 1 2 
2 0 0 0 0 0 0 0 0 0 0 0 0 0 0 0 0 0 0 0 1 2 
2 0 0 0 0 0 0 0 0 0 0 0 0 0 0 0 0 0 0 0 1 2 
2 0 0 0 0 0 0 0 0 0 0 0 0 0 0 0 0 0 0 0 1 2 
2 0 0 0 0 0 0 0 0 0 0 0 0 0 0 0 0 0 0 0 1 2 
2 0 0 0 0 0 0 0 0 0 0 0 0 0 0 0 0 0 0 0 1 2 
2 0 0 0 0 0 0 0 0 0 0 0 0 0 0 0 0 0 0 0 1 2 
2 0 0 0 0 0 0 0 0 0 0 0 0 0 0 0 0 0 0 0 1 2 
2 0 0 0 0 0 0 0 0 0 0 0 0 0 0 0 0 0 0 0 1 2 
2 0 0 0 0 0 0 0 0 0 0 0 0 0 0 0 0 0 0 0 1 2 
2 0 0 0 0 0 0 0 0 0 0 0 0 0 0 0 0 0 0 0 1 2 
2 0 0 0 0 0 0 0 0 0 0 0 0 0 0 0 0 0 0 0 1 2 
2 0 0 0 0 0 0 0 0 0 0 0 0 0 0 0 0 0 0 0 1 2 
2 0 0 0 0 0 0 0 0 0 0 0 0 0 0 0 0 0 0 0 1 2 
2 0 0 0 0 0 0 0 0 0 0 0 0 0 0 0 0 0 0 0 1 2 
2 0 0 0 0 0 0 0 0 0 0 0 0 0 0 0 0 0 0 0 1 2 
2 0 0 0 0 0 0 0 0 0 0 0 0 0 0 0 0 0 0 0 1 2 
2 0 0 0 0 0 0 0 0 0 0 0 0 0 0 0 0 0 0 0 1 2 
2 0 0 0 0 0 0 0 0 0 0 0 0 0 0 0 0 0 0 0 1 2 
2 0 0 0 0 0 0 0 0 0 0 0 0 0 0 0 0 0 0 0 1 2 
2 0 0 0 0 0 0 0 0 0 0 0 0 0 0 0 0 0 0 0 1 2 
2 0 0 0 0 0 0 0 0 0 0 0 0 0 0 0 0 0 0 0 1 2 
2 0 0 0 0 0 0 0 0 0 0 0 0 0 0 0 0 0 0 0 1 2 
2 0 0 0 0 0 0 0 0 0 0 0 0 0 0 0 0 0 0 0 E 2 
2 2 2 2 2 2 2 2 2 2 2 2 2 2 2 2 2 2 2 2 2 2 
Time used = 0
